              0      1.0000000
              1    0.034817218
              2   -0.033722316
              3   0.0078447209
              4    0.033139182
              5  -0.0079506926
              6   -0.040384765
              7   0.0084323725
              8   0.0015201149
              9    0.010376618
             10   -0.029756074
             11   0.0081025055
             12   -0.017501477
             13    0.021650695
             14   0.0050888040
             15    0.039548446
             16    0.041624285
             17   -0.023572426
             18    0.036622440
             19   -0.027170106
             20    0.022539587
             21  -0.0070539956
             22    0.022416724
             23   -0.014389210
             24   -0.045023892
             25    0.012669661
             26   0.0082063533
             27   0.0025040518
             28    0.012826638
             29   -0.020232273
             30   -0.062192224
             31   -0.031306601
             32  -0.0030209857
             33   -0.016747654
             34   -0.054044755
             35    0.044603135
             36  -0.0077691819
             37    0.034159302
             38  -0.0062783442
             39    0.026053730
             40   -0.030591402
             41   -0.044037058
             42    0.032380559
             43   -0.015750519
             44  -0.0092717642
             45    0.021608804
             46   -0.032201707
             47   -0.031627998
             48   0.0084632642
             49   -0.010799667
             50   0.0052047082
             51   -0.017745077
             52    0.017078904
             53    0.056812678
             54   -0.032602431
             55    0.024179600
             56    0.011379238
             57    0.040333326
             58    0.045685988
             59    0.024625519
             60   -0.030049868
             61   -0.017460669
             62   -0.027108337
             63  0.00039453836
             64  -0.0029773118
             65   -0.033860115
             66   -0.035977160
             67   -0.017820698
             68   0.0023862947
             69   -0.052651100
             70   -0.059326836
             71   0.0062325925
             72   0.0056326329
             73    0.045033509
             74   -0.025267903
             75   0.0040055863
             76   -0.038167001
             77    0.018168750
             78   -0.029459459
             79   -0.092995874
             80   -0.037009807
             81    0.032583967
             82  -0.0049893429
             83   -0.014779952
             84    0.017705449
             85   -0.034806762
             86   0.0046401590
             87  -0.0031786600
             88  -0.0072125458
             89    0.026467751
             90    0.018282869
             91  -0.0030552123
             92    0.018670940
             93    0.037547212
             94   0.0088972677
             95   0.0054997694
             96   -0.030190145
             97   -0.040887208
             98   0.0015787955
             99  -0.0015551068
            100   -0.025056077
            101    0.034175809
            102  -0.0072534801
            103   -0.019098824
            104   -0.022479884
            105    0.025503762
            106    0.018679946
            107  -0.0058960205
            108    0.021244507
            109    0.036026002
            110    0.057703858
            111   -0.024820609
            112   -0.017579194
            113   -0.020650539
            114    0.031995560
            115    0.025984121
            116    0.023178869
            117  0.00074872282
            118   -0.036726047
            119    0.021654139
            120   0.0094960298
            121    0.022416551
            122   -0.052193609
            123   -0.019241787
            124   -0.052783504
            125   -0.028271698
            126  0.00026228323
            127   0.0093750348
            128  -0.0036317786
            129  -0.0079198413
            130    0.022452796
            131    0.051665170
            132    0.010545518
            133   -0.029696536
            134    0.023421229
            135    0.040710816
            136    0.011202868
            137   -0.056596837
            138   -0.030469760
            139   -0.040164283
            140   -0.031606985
            141    0.026723831
            142    0.031193850
            143    0.013782314
            144   0.0026210092
            145    0.025306138
            146    0.026364860
            147   0.0036273568
            148    0.027794171
            149    0.031735139
            150    0.017937218
            151   0.0072649844
            152  -0.0097014902
            153    0.047215899
            154  -0.0076776146
            155   -0.014704186
            156   0.0011593166
            157    0.061766512
            158    0.032115906
            159    0.049719642
            160    0.016646148
            161   -0.037523823
            162   -0.011113658
            163   -0.013574752
            164    0.051327899
            165   0.0053898945
            166    0.058878025
            167  -0.0059474265
            168   0.0027814032
            169    0.029297228
            170    0.022681789
            171   0.0054189033
            172    0.044858861
            173    0.041896611
            174    0.014729518
            175  -0.0031042582
            176  -0.0035939784
            177   -0.013078776
            178    0.012516424
            179   -0.045250661
            180   -0.010671287
            181    0.017857173
            182    0.012110323
            183   -0.040655645
            184   0.0057520282
            185   -0.025709669
            186    0.018860760
            187    0.010260179
            188    0.035293666
            189    0.027969764
            190  -0.0017200911
            191    0.010194475
            192   0.0082389131
            193  -0.0020655275
            194   0.0016907482
            195   -0.059011101
            196   -0.055289684
            197   0.0024695521
            198   -0.036547971
            199   0.0094557285
            200   -0.020453828
            201   0.0039950559
            202  -0.0088737047
            203    0.027877705
            204  -0.0080419784
            205   -0.072137151
            206    0.021318025
            207    0.062828035
            208    0.011571791
            209    0.023717027
            210   -0.012035054
            211   -0.039273446
            212   -0.034969502
            213   -0.016415608
            214  -0.0072311743
            215   0.0083678678
            216   -0.057505721
            217   -0.010337509
            218   -0.041708699
            219  -0.0089824644
            220   -0.050113736
            221   -0.043723453
            222  -0.0024512891
            223  -0.0013806098
            224   -0.010670899
            225  -0.0094940605
            226    0.016406005
            227   -0.020336604
            228   -0.032096360
            229  0.00050618103
            230   -0.018071313
            231   -0.036212661
            232    0.013438032
            233 -8.2353990E-05
            234  -0.0074997519
            235    0.025324142
            236  -0.0073783106
            237   0.0034287576
            238   -0.075689232
            239    0.021693372
            240    0.037234577
            241    0.041003138
            242  -0.0020005771
            243   -0.010189478
            244   -0.012257591
            245   0.0019954339
            246    0.014681442
            247    0.021875621
            248   -0.040956068
            249  -0.0043717944
            250    0.047249568
            251   0.0011097212
            252   -0.019280852
            253   -0.030945346
            254    0.028353383
            255    0.032008376
            256  0.00095118741
            257   -0.022411959
            258   -0.011544911
            259  -0.0044189626
            260   -0.042661727
            261    0.029852662
            262    0.037875193
            263    0.030953337
            264    0.025833571
            265    0.026060446
            266   -0.034112828
            267  -0.0013805553
            268    0.046576287
            269   -0.018543556
            270   -0.019921407
            271  -0.0084826675
            272   -0.010379855
            273   -0.073242766
            274    0.024152868
            275   -0.011385050
            276   0.0029650837
            277   -0.024752851
            278    0.029414844
            279   -0.016946219
            280  -0.0038070965
            281    0.026743292
            282   -0.016485323
            283    0.043650454
            284   0.0046617786
            285   -0.018563042
            286   -0.030136942
            287   0.0019900446
            288   -0.032805798
            289   -0.029639598
            290   0.0065430563
            291    0.044180591
            292    0.041972673
            293  -0.0034799101
            294  -0.0028585331
            295    0.035870471
            296    0.035121696
            297   -0.029405131
            298    0.016052386
            299 -1.1543280E-06
            300    0.013958403
            301   -0.013200447
            302  -0.0011256977
            303    0.019289823
            304   -0.025802092
            305   -0.041941620
            306   -0.011557457
            307    0.024359925
            308   -0.012841167
            309   -0.031277633
            310   -0.010047187
            311   -0.025990842
            312   -0.027819574
            313    0.056513248
            314   -0.029376364
            315  -0.0065087222
            316    0.071411468
            317   -0.024265599
            318    0.039352947
            319  -0.0041326978
            320  -0.0078380661
            321   -0.020369802
            322    0.045071801
            323    0.031276366
            324   -0.062532283
            325   -0.031793577
            326   -0.037878331
            327   -0.031188226
            328    0.025810248
            329   0.0064580849
            330  -0.0079978532
            331   -0.015775236
            332   -0.024554489
            333   0.0076968343
            334   -0.014496223
            335    0.040995166
            336    0.013113746
            337   -0.021810104
            338    0.055968634
            339   0.0012123246
            340   -0.012738221
            341    0.017822263
            342    0.013914117
            343   0.0018307568
            344   -0.014483687
            345  0.00022965403
            346   0.0049181925
            347  -0.0024632654
            348    0.012330526
            349 -0.00080160825
            350   0.0038127370
            351    0.010006695
            352  -0.0022747346
            353    0.012922120
            354   -0.017475825
            355    0.011780968
            356   0.0065120041
            357  -0.0049603631
            358   -0.010882554
            359   -0.052947953
            360    0.062169254
            361   -0.039882905
            362   -0.033496973
            363   0.0044662687
            364   0.0016708828
            365  -0.0038140986
            366   0.0081487059
            367    0.040953828
            368   0.0091972541
            369   -0.050925163
            370   -0.029359587
            371    0.031571158
            372 -0.00077037193
            373   0.0099163294
            374   -0.036827770
            375    0.022228460
            376    0.022968842
            377   -0.029897672
            378   -0.022581633
            379   -0.018640313
            380    0.011853826
            381   -0.011306579
            382   0.0051562769
            383   -0.021648781
            384   0.0041634517
            385    0.012587831
            386   -0.021722236
            387   -0.052063752
            388   0.0024333786
            389  -0.0042319740
            390   -0.045677681
            391    0.017869703
            392  -0.0054110485
            393   -0.021737265
            394   -0.054901746
            395    0.027620095
            396   -0.019427181
            397   0.0044935106
            398   -0.021864195
            399    0.024535674
            400    0.046208694
            401   -0.041234872
            402   -0.013543019
            403    0.030005617
            404   0.0044381333
            405   -0.011216842
            406    0.033401123
            407  -0.0044451327
            408   -0.040972215
            409  -0.0027447588
            410   0.0094468766
            411    0.017275254
            412   -0.042647307
            413   -0.026531424
            414   -0.028048979
            415   0.0026768734
            416   0.0081987354
            417   0.0094902570
            418   -0.024533280
            419    0.011653191
            420    0.027193494
            421   0.0053672949
            422   -0.055105769
            423   -0.019764695
            424    0.015194754
            425    0.025366144
            426  -0.0059629687
            427   -0.011614792
            428    0.044771042
            429   -0.017338829
            430    0.016406529
            431    0.012189339
            432   0.0095063735
            433    0.020958739
            434   -0.031954063
            435   -0.010308536
            436   0.0052881177
            437   0.0025247551
            438    0.021728636
            439   -0.034437357
            440    0.021166148
            441    0.010792844
            442    0.033140518
            443   0.0080499633
            444    0.027853082
            445   -0.021922835
            446   0.0054673858
            447   -0.020533790
            448    0.043739151
            449  -0.0039766131
            450   -0.012026974
            451   0.0029513794
            452  -0.0052580155
            453    0.033225370
            454 -9.1287666E-05
            455  -0.0038271172
            456    0.034046374
            457    0.023943899
            458   -0.017917363
            459 -0.00030990375
            460   -0.032753750
            461   -0.033333606
            462  -0.0027309032
            463    0.018483155
            464    0.023344975
            465   -0.026112075
            466 -0.00086046381
            467   0.0083516042
            468   -0.012252732
            469   0.0049172563
            470   0.0041959446
            471   -0.028638608
            472   0.0060292730
            473   -0.032017054
            474   -0.049210867
            475   0.0024683453
            476   -0.015854013
            477    0.023385991
            478   0.0021918673
            479   -0.017726347
            480   -0.012214346
            481 -0.00052259315
            482    0.012701121
            483    0.011264586
            484    0.023793901
            485  -0.0075822529
            486   -0.023750366
            487    0.012536784
            488    0.031392211
            489  -0.0070107636
            490    0.010267012
            491    0.010481760
            492  -0.0028659944
            493  -0.0020048076
            494    0.018156023
            495  -0.0011139187
            496   -0.013385478
            497   -0.032758363
            498   0.0072236893
            499   0.0086664510
            500   -0.038500356
            501    0.023351925
            502    0.013146601
            503    0.021635013
            504   -0.013642457
            505    0.038518344
            506    0.013313558
            507   0.0057638231
            508   -0.016325533
            509    0.012569422
            510    0.041944656
            511   0.0042652768
            512   -0.029065246
            513   -0.047155740
            514   -0.050220420
            515   0.0023321306
            516   -0.016287859
            517   -0.013811338
            518  -0.0081129337
            519    0.044924878
            520   -0.014117760
            521   -0.017980637
            522   0.0015154022
            523  -0.0016405723
            524  -0.0087201689
            525    0.016100863
            526   0.0052105424
            527  -0.0098132264
            528   -0.039672797
            529   -0.019644504
            530    0.034075226
            531    0.025729154
            532  -0.0098079272
            533  -0.0036951592
            534   -0.027966847
            535    0.039709648
            536  0.00068415379
            537    0.020998419
            538  -0.0021876043
            539   -0.019073823
            540    0.011055026
            541    0.020603545
            542    0.015360152
            543   -0.040423989
            544   -0.021407484
            545   0.0075222190
            546    0.040390551
            547    0.011701653
            548    0.020851527
            549   -0.024566765
            550   0.0010679010
            551   -0.012289708
            552    0.015511482
            553   -0.023202067
            554   -0.038720606
            555   0.0047989257
            556   0.0015647282
            557    0.016632478
            558   -0.015698324
            559   -0.023035972
            560  -0.0066672950
            561   0.0072265945
            562   0.0048810988
            563   -0.027764879
            564    0.020359804
            565   -0.031208253
            566   -0.059156985
            567   -0.037057060
            568   -0.025602365
            569 -0.00021470930
            570   -0.015819357
            571   -0.035361541
            572   -0.016103900
            573    0.021390668
            574    0.011528921
            575   0.0016233082
            576   0.0080563390
            577  -0.0045923867
            578    0.012406144
            579   -0.028396103
            580   -0.045064634
            581   -0.065683038
            582    0.010856406
            583    0.022281682
            584  -0.0033144633
            585   0.0035491000
            586  -0.0017680316
            587    0.029647050
            588   -0.023515431
            589  -0.0042165647
            590    0.043744956
            591    0.014641162
            592   0.0060494583
            593   0.0057886995
            594    0.025497350
            595   -0.039668655
            596    0.022010551
            597    0.017257910
            598    0.024398587
            599    0.023546911
            600  -0.0065756161
            601  -0.0059921009
            602   0.0080542225
            603    0.023816453
            604   0.0011909473
            605    0.020425444
            606    0.039651805
            607 -0.00050616132
            608    0.022575439
            609    0.018043421
            610   0.0028028079
            611   -0.011911849
            612    0.038893452
            613    0.020277258
            614    0.028030865
            615   -0.020782278
            616  -0.0029275961
            617    0.030289546
            618 -0.00082196428
            619   0.0071969852
            620   -0.010469402
            621   0.0047487466
            622   -0.021746723
            623   -0.012106542
            624   0.0085280213
            625   0.0013011014
            626   0.0012798625
            627   -0.029985661
            628    0.010191591
            629    0.026492837
            630   -0.027067777
            631  -0.0055402523
            632    0.023121001
            633   -0.027477206
            634    0.010321631
            635    0.025099584
            636 -0.00098807790
            637  -0.0046765928
            638  -0.0057742251
            639   -0.012335396
            640   -0.029373511
            641    0.017659123
            642  -0.0052511055
            643  0.00032938541
            644   -0.022493290
            645    0.020262684
            646    0.014694012
            647    0.011552458
            648   -0.016959153
            649  -0.0098812895
            650    0.037166903
            651    0.025025561
            652   -0.012610596
            653  -0.0061650214
            654    0.036210447
            655   -0.020046665
            656    0.021804020
            657   -0.010158135
            658    0.010623370
            659   -0.013896828
            660   0.0048456988
            661  -0.0028970471
            662   -0.015333595
            663    0.027539567
            664  -0.0013477676
            665    0.029366418
            666   0.0068813697
            667  -0.0072628735
            668   -0.012962726
            669   -0.015961987
            670   -0.011666097
            671   0.0059181452
            672   -0.034938456
            673  -0.0096269405
            674   0.0072300066
            675   -0.028536437
            676   0.0091590561
            677   -0.021752884
            678   0.0081975261
            679   0.0081513774
            680   -0.019295018
            681   -0.015856763
            682  -0.0021374129
            683    0.017092714
            684   -0.028918243
            685   -0.025331155
            686   -0.039096042
            687    0.013223823
            688   0.0047496487
            689  -0.0065910252
            690   -0.028016378
            691    0.011008273
            692    0.020020624
            693   0.0039427680
            694  -0.0068721141
            695    0.015744026
            696   -0.010848867
            697   -0.033286764
            698    0.020874107
            699    0.027142786
            700   -0.013082532
            701   0.0020366707
            702  -0.0083936430
            703   0.0060876545
            704   -0.012396180
            705   0.0052508157
            706  -0.0081512238
            707   0.0072714086
            708   -0.017077489
            709   0.0026669659
            710  -0.0092351039
            711   -0.011899008
            712  -0.0071332157
            713   0.0034823964
            714   -0.018158531
            715   -0.015366834
            716  -0.0075053078
            717    0.015092762
            718    0.025201833
            719   0.0093682599
            720   0.0041150064
            721  -0.0057744517
            722    0.014691693
            723   -0.036383603
            724  -0.0075408238
            725   -0.022096793
            726   -0.024587813
            727   -0.018269793
            728    0.012424656
            729   -0.017046907
            730   -0.023287090
            731   0.0081691282
            732  -0.0025073712
            733   0.0091307364
            734   -0.011422335
            735  0.00058322807
            736  -0.0048215309
            737  -0.0012243638
            738    0.024831514
            739   -0.011029125
            740  -0.0092524123
            741   -0.016305646
            742   -0.010870604
            743  -0.0096061014
            744    0.027472091
            745   0.0091622155
            746    0.022508595
            747  -0.0087554184
            748    0.018473865
            749   0.0022520743
            750  -0.0064233479
            751    0.015729663
            752    0.011689627
            753   -0.017613625
            754 -1.1964851E-05
            755    0.036059458
            756    0.024142190
            757  0.00088263356
            758   -0.016703758
            759   0.0084836363
            760    0.019792366
            761  -0.0076659700
            762  -0.0032369747
            763    0.014642546
            764    0.039088152
            765   0.0074860500
            766    0.028958102
            767  -0.0014803229
            768   -0.011516183
            769  -0.0047076151
            770    0.029763313
            771    0.033141684
            772    0.014085002
            773    0.020243545
            774    0.018340037
            775    0.016326694
            776   0.0021281987
            777    0.013210879
            778   -0.024459042
            779  -0.0052269147
            780    0.014797033
            781   0.0041519641
            782    0.012968457
            783    0.024538334
            784    0.010338159
            785   -0.010743490
            786    0.020863451
            787  0.00069794097
            788   0.0025229349
            789  -0.0097560704
            790   0.0015473770
            791    0.025420170
            792   0.0094783153
            793    0.021045429
            794  -0.0088993194
            795   -0.014460255
            796  -0.0025239527
            797    0.012576789
            798  -0.0030256398
            799   -0.021902015
            800   0.0029889068
            801    0.013287065
            802    0.010231443
            803  -0.0073712712
            804   -0.014641661
            805   0.0051569971
            806   0.0088045968
            807   -0.016134623
            808  -0.0029768287
            809    0.039720774
            810   0.0048685618
            811   0.0060599335
            812   -0.013962405
            813  -0.0060974984
            814   -0.012123597
            815   -0.018507733
            816   -0.019697143
            817  -0.0025040651
            818   0.0073567680
            819    0.016245230
            820   -0.011322011
            821   -0.023516910
            822   0.0076611250
            823    0.024922275
            824  -0.0057024205
            825   -0.018617265
            826   0.0044679327
            827   0.0047731779
            828  -0.0092130028
            829  -0.0038378852
            830   -0.025098312
            831  -0.0063059808
            832 -0.00047375527
            833  -0.0048459025
            834   -0.036224946
            835  -0.0025033765
            836  -0.0082971080
            837    0.011156817
            838    0.018153541
            839   0.0076210182
            840 -0.00065256858
            841  0.00058484123
            842   -0.028303808
            843  -0.0085850003
            844  -0.0082087768
            845    0.011797646
            846   -0.011726308
            847    0.010402691
            848   0.0097857372
            849  -0.0036207575
            850   -0.025243977
            851 -0.00040635837
            852   -0.016433696
            853   0.0085351996
            854  0.00063167817
            855  -0.0011118333
            856  -0.0096453208
            857   0.0059270923
            858   0.0046005886
            859   0.0065485773
            860  -0.0058189631
            861  -0.0050354248
            862  -0.0080625896
            863  -0.0035026294
            864   0.0083006752
            865    0.011802637
            866  -0.0031494415
            867  -0.0032887114
            868   0.0030399714
            869  -0.0057613873
            870   0.0031726690
            871   -0.010337534
            872   -0.022138974
            873    0.011668029
            874  -0.0020861379
            875  -0.0044934098
            876  -0.0091119834
            877  -0.0026064586
            878   0.0082077078
            879  -0.0049892306
            880  -0.0016004552
            881  -0.0041466272
            882   0.0015036065
            883   0.0014759992
            884 -0.00041104667
            885  -0.0080649883
            886    0.018690062
            887    0.011539748
            888  -0.0078061515
            889   -0.013538398
            890    0.017148850
            891   0.0064449105
            892  -0.0066941088
            893  -0.0042336762
            894  -0.0078769219
            895    0.010928600
            896   -0.011754778
            897   0.0030570657
            898   0.0059526885
            899  -0.0094003451
            900   0.0048802298
            901  -0.0013644290
            902    0.014024165
            903   0.0071215245
            904   0.0013706878
            905  -0.0028105089
            906    0.011135438
            907 -0.00056364502
            908   0.0080608258
            909  -0.0032659312
            910   0.0073065664
            911   -0.012286534
            912    0.020631597
            913   0.0066851108
            914   -0.012062283
            915  -0.0010991664
            916 -8.6662881E-06
            917  -0.0047715622
            918    0.015410482
            919  -0.0029131550
            920   0.0076394679
            921   0.0078887018
            922   0.0094272493
            923  -0.0071070418
            924   0.0098796124
            925  -0.0052275844
            926   0.0023059796
            927  0.00040860514
            928    0.012738995
            929 -4.6710786E-06
            930  -0.0024693710
            931   -0.017199612
            932    0.014660888
            933  -0.0030861205
            934    0.011427748
            935   0.0098928455
            936   0.0034367961
            937  0.00057065714
            938   0.0011430631
            939   0.0032735026
            940   0.0059651854
            941    0.014931512
            942  -0.0032990710
            943  -0.0067373794
            944 -0.00085699752
            945   0.0051109898
            946  0.00028741067
            947   0.0049596000
            948 -0.00075304561
            949  -0.0052582822
            950    0.019443382
            951  -0.0051637678
            952   -0.010314277
            953  -0.0091645659
            954    0.022521461
            955    0.012619643
            956  0.00057145868
            957  -0.0025745873
            958  -0.0095676485
            959  -0.0026053128
            960  -0.0045462942
            961    0.011876489
            962  -0.0056182365
            963 -0.00071733951
            964  -0.0020616840
            965   -0.011889497
            966   0.0051076670
            967   0.0058316793
            968   0.0040098638
            969  -0.0031540064
            970  -0.0026882394
            971  -0.0057589876
            972 -0.00069974739
            973 -0.00076899215
            974 -1.4486745E-05
            975  -0.0032301405
            976   0.0021908317
            977  -0.0031683111
            978   -0.014044950
            979  -0.0013001130
            980 -4.8433917E-05
            981  -0.0033183019
            982 -0.00032053773
            983  -0.0017807448
            984  9.4411952E-05
            985  -0.0011994940
            986  -0.0021014300
            987  -0.0022005612
            988   0.0020042283
            989   0.0062885575
            990  -0.0014500989
            991  -0.0086540079
            992  -0.0050147522
            993   0.0019419055
            994   0.0014519710
            995 -0.00051168780
            996  -0.0033674060
            997  -0.0043320747
            998  0.00014237465
            999   0.0016107565
