      2.0000000     -1.7456991     0.72184610     0.91148221     0.37613364     0.91148221
      2.0200000     -1.7307599     0.76714304    -0.24899037     0.46767365     0.90436258
      2.0400000     -1.7148714     0.80810658    -0.46422615     0.53100094     0.89676058
      2.0600000     -1.6982505     0.85744564     0.88837428     0.63152399     0.88838292
      2.0800000     -1.6805273     0.91138915    -0.64941108     0.80242907     0.87882875
      2.1000000     -1.6616754     0.95842810    0.070697305     0.92046696     0.86873014
      2.1200000     -1.6421607      1.0309401   -0.041510430      1.2154330     0.85661884
      2.1400000     -1.6210522      1.1046824   -0.010313775      1.6127644     0.84266411
      2.1600000     -1.5984184      1.1663951    -0.28530608      1.8447166     0.82837685
      2.1800000     -1.5722893      1.2711559    -0.11043876      2.5821523     0.80752857
      2.2000000     -1.5477703      1.3500317   -0.090495855      3.1281695     0.78884017
      2.2200000     -1.5208945      1.4337872    -0.22479881      3.8285669     0.76645102
      2.2400000     -1.4924841      1.4928771    0.071045015      4.5361146     0.74138698
      2.2600000     -1.4588107      1.5846904   -0.027848490      5.7275553     0.70700284
      2.2800000     -1.4287009      1.6334622   0.0025054400      6.6077551     0.67635655
      2.3000000     -1.3963567      1.6689850   0.0064747950      7.4641095     0.64188437
      2.3200000     -1.3596052      1.6732758   -0.010481510      8.3925614     0.59809109
      2.3400000     -1.3272007      1.6321885    0.011155400      8.9000664     0.55962789
      2.3600000     -1.2949581      1.5721644  -0.0020959200      9.0547202     0.52194716
      2.3800000     -1.2684212      1.4974673  -0.0049312400      8.9030477     0.49439446
      2.4000000     -1.2364620      1.4098508  -0.0069340800      8.9050139     0.45166146
      2.4200000     -1.2087950      1.3129648   -0.016290695      8.5469495     0.41974348
      2.4400000     -1.1843945      1.2218163  -0.0065747450      8.0752182     0.39089059
      2.4600000     -1.1593572      1.1314903   0.0059642250      7.5024104     0.36254464
      2.4800000     -1.1375751      1.0588087    0.011464685      7.0092877     0.33897132
