      2.0000000     -1.7998900      14.408848   0.0061800000      3.6675820     0.93354200
      2.1000000     -1.7649960      14.132800   0.0080200000      3.6093600     0.92178100
      2.2000000     -1.7254080      13.821152  0.00029200000      3.5440260     0.90875000
      2.3000000     -1.6867540      13.519888   0.0045410000      3.4799160     0.89577300
      2.4000000     -1.6440580      13.186544  -0.0022635000      3.4098310     0.88182150
      2.5000000     -1.5997860      12.840240  -0.0019070000      3.3366040     0.86709800
      2.6000000     -1.5610960      12.541536 -0.00030300000      3.2726620     0.85413400
      2.7000000     -1.5215980      12.236944   0.0050430000      3.2080720     0.84123200
      2.8000000     -1.4799720      11.917632  -0.0042780000      3.1396820     0.82742200
      2.9000000     -1.4395400      11.609376  0.00048550000      3.0741430     0.81439350
