      2.0000000     -1.7455687     0.72376892     0.91135111     0.38122543     0.91135111
      2.0200000     -1.7309060     0.76458758     0.90459636     0.44628467     0.90459636
      2.0400000     -1.7148263     0.80724521     0.89675667     0.52778243     0.89675667
      2.0600000     -1.6985823     0.85508707     0.88866833     0.62511917     0.88866833
      2.0800000     -1.6808423     0.91070966     0.87921685     0.78098966     0.87921685
      2.1000000     -1.6620682     0.96417731     0.86865522     0.94655121     0.86865522
      2.1200000     -1.6421290      1.0375179     0.85659448      1.2812380     0.85659448
      2.1400000     -1.6213567      1.0943760     0.84382182      1.5105144     0.84382182
      2.1600000     -1.5979803      1.1939766     0.40233255      2.2662459     0.82705499
      2.1800000     -1.5737322      1.2841620     0.61618197      2.9428707     0.80905416
      2.2000000     -1.5459445      1.4280703     0.47036786      5.0978943     0.78354691
      2.2200000     -1.5160346      1.5837276    -0.39968872      8.2988740     0.75191654
      2.2400000     -1.4845785      1.7272915    -0.21994588      11.721354     0.71579242
      2.2600000     -1.4473352      1.9061532    0.069494261      17.499976     0.66376034
      2.2800000     -1.4102250      1.9807686    -0.16483617      23.328979     0.60634000
      2.3000000     -1.3670926      1.9745480    0.011256600      28.646104     0.52654954
      2.3200000     -1.3281745      1.8699683    0.022406325      30.743922     0.45375550
      2.3400000     -1.2930928      1.6775311   -0.010445641      29.414205     0.38914571
