      2.1000000     -1.6619695     0.96400781   0.0065062191      144.63898     0.86852793
      2.1200000     -1.6420761      1.0269024   0.0055232125      139.67489     0.85667391
      2.1400000     -1.6210311      1.0938373    0.027372565      134.32705     0.84345398
      2.1600000     -1.5981313      1.1719657    0.057738542      128.17840     0.82778338
      2.1800000     -1.5742211      1.2511731   -0.029569497      122.72610     0.81036406
      2.2000000     -1.5479166      1.3409053   -0.024799541      116.25190     0.78941256
      2.2200000     -1.5201447      1.4301471  -0.0084743028      109.47259     0.76578521
      2.2400000     -1.4906131      1.5144320   -0.010806657      102.12466     0.73865645
      2.2600000     -1.4595673      1.5876804    0.012648397      94.419213     0.70818885
      2.2800000     -1.4279942      1.6369667   0.0017434437      86.721198     0.67584249
      2.3000000     -1.3945844      1.6626936  -0.0013155849      78.558293     0.63926753
      2.3200000     -1.3611201      1.6612109  -0.0045343538      70.515136     0.60102297
      2.3400000     -1.3283631      1.6285715 -0.00078668912      62.908739     0.56300114
      2.3600000     -1.2961320      1.5713494  0.00090067288      55.619315     0.52439058
      2.3800000     -1.2658198      1.4945650   0.0045348070      49.107100     0.48845193
