      2.1000000     -1.6620953     0.96309882     0.86874271     0.95961602     0.86874271
      2.1200000     -1.6422462      1.0277399     0.85694394      1.2118620     0.85694394
      2.1400000     -1.6209313      1.0987313     0.84331563      1.5837707     0.84331563
      2.1600000     -1.5981011      1.1822770     0.82733307      2.1666183     0.82733307
      2.1800000     -1.5735086      1.2799096     0.80861299      2.9939004     0.80861299
      2.2000000     -1.5465571      1.4181095     0.78481206      4.8976242     0.78481206
      2.2200000     -1.5166270      1.5905487     0.75354067      9.0785318     0.75354067
      2.2400000     -1.4828009      1.8336742     0.49858525      1154.0950     0.70891981
      2.2600000     -1.4416140      2.2465740     0.10555140      1748.6140     0.62580383
      2.2800000     -1.3931866      2.4835476    0.020112892      1139.1349     0.47537918
      2.3000000     -1.3489132      2.1264488   -0.023159640      636.32838     0.33793247
      2.3200000     -1.3106726      1.6773532   0.0087546354      319.82785     0.22810017
      2.3400000     -1.2797333      1.4410372  -0.0012089378      186.34564     0.17071297
      2.3600000     -1.2522263      1.3057238   0.0016418722      124.20921     0.13843859
      2.3800000     -1.2273418      1.2102847  0.00098516395      86.782546     0.11558332
