      2.1000000     -1.6620792     0.97144030     0.86874710     0.95432549     0.86874710
      2.1200000     -1.6422245      1.0373525     0.85695288      1.2127186     0.85695288
      2.1400000     -1.6209413      1.1099398     0.84332035      1.5907846     0.84332035
      2.1600000     -1.5981755      1.1999644     0.82754008      2.1604580     0.82754008
      2.1800000     -1.5734944      1.3031045     0.80849185      3.1116487     0.80849185
      2.2000000     -1.5464668      1.4388631     0.78465073      4.9338705     0.78465073
      2.2200000     -1.5166680      1.6096911     0.75372389      8.9071767     0.75372389
      2.2400000     -1.4826463      1.8726723     0.70816407      20.390882     0.70816407
      2.2600000     -1.4413540      2.4124818     0.61861237      108.87949     0.61861253
      2.2800000     -1.3888151      2.8510111     0.22228083      2185.9309     0.38102670
      2.3000000     -1.3438541      2.1261511    0.045636149      839.23113     0.18244001
      2.3200000     -1.3096038      1.8086222    0.010743240      393.16706     0.11907007
      2.3400000     -1.2795777      1.6212314   0.0083831964      218.98993    0.087876710
      2.3600000     -1.2524940      1.4953015   0.0049395782      144.89567    0.070902124
      2.3800000     -1.2274341      1.3822257   0.0041590331      102.52657    0.059629073
