      2.1000000     -1.6621190     0.96178007     0.86880078     0.94624626     0.86880078
      2.1200000     -1.6422049      1.0284507     0.85692666      1.2016805     0.85692666
      2.1400000     -1.6209607      1.1031967     0.84331913      1.5979108     0.84331913
      2.1600000     -1.5981372      1.1889780     0.82749878      2.1220272     0.82749878
      2.1800000     -1.5735170      1.2930389     0.80848845      3.1783090     0.80848845
      2.2000000     -1.5465352      1.4162785     0.78486303      4.8141586     0.78486303
      2.2200000     -1.5168752      1.5789769     0.75431559      8.4095761     0.75431559
      2.2400000     -1.4827420      1.8492298     0.67824097      205.49304     0.70783523
      2.2600000     -1.4420615      2.2368235     0.50274630      685.37143     0.62718943
      2.2800000     -1.3942417      2.4896550     0.16438787      1058.3298     0.48679348
      2.3000000     -1.3484244      2.1376534    0.021501955      619.88588     0.33146285
      2.3200000     -1.3109685      1.7328973    0.025021539      326.98980     0.23097353
      2.3400000     -1.2799478      1.4931470   0.0066521200      191.83431     0.17265870
      2.3600000     -1.2524764      1.3545310   0.0077200481      126.88475     0.13929907
      2.3800000     -1.2273682      1.2504021   0.0047070201      90.124967     0.11718550
