      2.1000000     -1.6622672     0.96777821     0.86876543     0.97689472     0.86876543
      2.1100000     -1.6521920     0.99146371     0.86286088      1.0565931     0.86286088
      2.1200000     -1.6423568      1.0243067     0.85716126      1.1767015     0.85716126
      2.1300000     -1.6314788      1.0673152     0.85007323      1.3995469     0.85007323
      2.1400000     -1.6211312      1.0909454     0.84373786      1.4935942     0.84373786
      2.1500000     -1.6094703      1.1491175     0.83528354      1.8307551     0.83528631
      2.1600000     -1.5981030      1.1967828     0.32966985      2.2501265     0.82712746
      2.1700000     -1.5866758      1.2345822     0.81923157      2.4162799     0.81923157
      2.1800000     -1.5729511      1.2941102    0.069736486      3.5696310     0.80691810
      2.1900000     -1.5610442      1.3365857     0.79867072      3.5889309     0.79870620
      2.2000000     -1.5467270      1.3948491    -0.10382458      4.3821854     0.78540961
      2.2100000     -1.5315818      1.4888512     0.33779397      5.6202928     0.77035591
      2.2200000     -1.5162880      1.5615946    0.097263746      7.2345559     0.75403997
      2.2300000     -1.5008113      1.6554913   -0.025525277      9.6764869     0.73570073
      2.2400000     -1.4844026      1.7274621     0.10011354      11.457802     0.71618828
      2.2500000     -1.4660534      1.8487583    -0.13115057      15.794661     0.68901562
      2.2600000     -1.4453846      1.9444782   -0.067762912      19.056690     0.65765723
      2.2700000     -1.4255282      2.0012037    0.035226784      22.618857     0.62425189
      2.2800000     -1.4091232      1.9906427    -0.11830971      23.599075     0.60416901
      2.2900000     -1.3875519      2.0246002    0.073733107      26.959899     0.56441308
      2.3000000     -1.3686746      2.0156172   -0.052661611      28.736439     0.53106041
      2.3100000     -1.3497600      1.9469003   0.0048956550      29.497418     0.49926928
      2.3200000     -1.3302625      1.8869651   -0.022405660      30.179522     0.46284349
      2.3300000     -1.3103123      1.8017192   0.0044032125      30.517156     0.42161621
      2.3400000     -1.2954930      1.7190291    0.043863366      29.379286     0.39913992
      2.3500000     -1.2768419      1.5874173   -0.010593779      27.441840     0.36152310
      2.3600000     -1.2613231      1.5093065   0.0041058887      26.383750     0.33353422
      2.3700000     -1.2469387      1.3929244   0.0072385787      23.959148     0.31198158
      2.3800000     -1.2329755      1.3307267   0.0036624600      22.274998     0.29123267
      2.3900000     -1.2198123      1.2775029   0.0025383650      21.007457     0.27191414
      2.4000000     -1.2072546      1.2011490   0.0059108187      18.593294     0.25317157
