      1.0000000   0.0038800000 -6.0217600E-05      0.0000000      0.0000000      0.0000000
      1.1000000   0.0083800000 -0.00023214678      0.0000000      0.0000000      0.0000000
      1.2000000    0.015400000 -0.00065877778      0.0000000      0.0000000      0.0000000
      1.3000000    0.022820000  -0.0012325501      0.0000000      0.0000000      0.0000000
      1.4000000    0.038680000  -0.0030533518      0.0000000      0.0000000      0.0000000
      1.5000000    0.056920000  -0.0057597980      0.0000000      0.0000000      0.0000000
      1.6000000    0.077620000  -0.0094138506      0.0000000      0.0000000      0.0000000
      1.7000000     0.10194000   -0.014383064      0.0000000      0.0000000      0.0000000
      1.8000000     0.13318000   -0.021897423      0.0000000      0.0000000      0.0000000
      1.9000000     0.16182000   -0.029014640      0.0000000      0.0000000      0.0000000
      2.0000000     0.19896000   -0.039585082      0.0000000      0.0000000      0.0000000
      2.1000000     0.23094000   -0.048374860      0.0000000      0.0000000      0.0000000
      2.2000000     0.27314000   -0.061657405      0.0000000      0.0000000      0.0000000
      2.3000000     0.31458000   -0.074828413      0.0000000      0.0000000      0.0000000
